20250701 05 4
20250701 06 1
20250701 06 2
20250701 06 6
20250701 16 6
20250701 20 1
20250701 20 6
20250701 21 10
20250701 23 4
20250701 23 10
20250702 04 1
20250702 04 4
20250702 04 5
20250702 05 2
20250702 07 5
20250702 07 8
20250702 13 5
20250702 16 2
20250702 18 7
20250702 18 10
20250702 19 1
20250702 20 1
20250702 21 8
20250702 23 6
20250702 23 7
20250703 04 3
20250703 04 11
20250703 05 1
20250703 06 2
20250703 09 7
20250703 12 2
20250703 12 6
20250703 16 7
20250703 19 1
20250703 19 3
20250703 19 7
20250703 21 10
20250704 04 3
20250704 04 6
20250704 07 3
20250704 07 4
20250704 07 5
20250704 09 7
20250704 09 9
20250704 10 5
20250704 11 10
20250704 16 7
20250704 19 6
20250704 21 7
20250704 21 8
20250704 21 10
20250704 22 3
20250704 24 3
20250704 24 6
20250705 03 4
20250705 03 12
20250705 04 1
20250705 04 4
20250705 07 2
20250705 10 11
20250705 12 2
20250705 12 3
20250705 13 1
20250705 13 3
20250705 19 1
20250705 21 6
20250706 01 3
20250706 01 4
20250706 01 10
20250706 02 8
20250706 02 9
20250706 03 1
20250706 04 4
20250706 04 6
20250706 04 7
20250706 09 2
20250706 09 6
20250706 12 9
20250706 21 6
20250706 21 8
20250706 24 4
20250706 24 6
20250707 01 2
20250707 01 4
20250707 02 2
20250707 02 4
20250707 02 9
20250707 04 5
20250707 08 8
20250707 10 6
20250707 10 8
20250707 17 7
20250708 01 1
20250708 01 2
20250708 01 4
20250708 02 10
20250708 03 3
20250708 14 8
20250708 14 10
20250708 23 9
20250709 01 2
20250709 01 3
20250709 03 1
20250709 03 2
20250709 03 7
20250709 05 2
20250709 05 5
20250709 11 5
20250709 11 7
20250709 11 8
20250709 13 3
20250709 14 6
20250709 14 8
20250709 23 2
20250709 23 7
20250709 23 8
20250709 23 9
20250709 24 1
20250710 03 3
20250710 03 5
20250710 03 12
20250710 05 6
20250710 06 2
20250710 07 4
20250710 11 3
20250710 11 5
20250710 14 6
20250710 14 7
20250710 14 8
20250710 16 6
20250710 19 1
20250710 19 3
20250710 19 4
20250710 19 7
20250710 19 10
20250710 20 1
20250710 23 4
20250710 23 6
20250710 23 9
20250711 04 5
20250711 04 12
20250711 05 6
20250711 06 2
20250711 06 6
20250711 08 4
20250711 12 2
20250711 13 1
20250711 14 2
20250711 14 7
20250711 16 6
20250711 19 4
20250711 20 3
20250712 02 2
20250712 02 4
20250712 04 1
20250712 04 4
20250712 06 7
20250712 11 3
20250712 11 4
20250712 12 4
20250712 16 3
20250712 23 3
20250713 02 4
20250713 02 6
20250713 04 1
20250713 04 6
20250713 06 5
20250713 06 6
20250713 09 8
20250713 10 6
20250713 10 9
20250713 12 1
20250713 12 6
20250713 14 6
20250713 14 8
20250713 14 10
20250714 02 9
20250714 04 3
20250714 09 3
20250714 10 5
20250714 10 6
20250714 10 11
20250714 18 10
20250714 22 2
20250715 01 5
20250715 01 9
20250715 02 6
20250715 02 8
20250715 04 6
20250715 08 7
20250715 09 4
20250715 10 6
20250715 10 7
20250715 12 4
20250715 12 6
20250715 15 2
20250715 15 4
20250715 15 10
20250715 16 8
20250716 01 4
20250716 01 5
20250716 01 9
20250716 04 1
20250716 04 4
20250716 05 2
20250716 05 6
20250716 08 9
20250716 10 5
20250716 10 8
20250716 10 10
20250716 10 11
20250716 13 9
20250716 17 3
20250716 17 8
20250716 23 7
20250717 05 3
20250717 06 6
20250717 10 5
20250717 17 8
20250717 23 8
20250717 23 10
20250718 01 1
20250718 01 5
20250718 05 3
20250718 08 3
20250718 08 10
20250718 09 8
20250718 10 5
20250718 10 9
20250718 10 12
20250718 11 3
20250718 15 7
20250718 16 4
20250718 17 2
20250718 23 4
20250719 01 4
20250719 01 9
20250719 02 3
20250719 06 6
20250719 07 3
20250719 11 7
20250719 14 2
20250719 14 5
20250719 14 8
20250719 14 9
20250719 14 10
20250719 16 8
20250719 17 2
20250719 17 5
20250719 17 7
20250719 23 8
20250720 02 3
20250720 02 4
20250720 02 6
20250720 03 3
20250720 03 5
20250720 03 6
20250720 03 7
20250720 05 6
20250720 06 3
20250720 06 6
20250720 09 7
20250720 09 8
20250720 11 3
20250720 11 6
20250720 11 8
20250720 14 5
20250720 14 6
20250720 14 7
20250720 14 10
20250720 15 5
20250720 16 5
20250720 16 10
20250721 02 3
20250721 02 4
20250721 02 6
20250721 03 7
20250721 04 3
20250721 04 5
20250721 04 6
20250721 04 7
20250721 04 9
20250721 06 3
20250721 11 2
20250721 14 5
20250721 14 6
20250722 02 3
20250722 02 4
20250722 02 6
20250722 02 8
20250722 04 2
20250722 04 4
20250722 04 5
20250722 04 6
20250722 07 2
20250722 07 3
20250722 14 6
20250722 14 8
20250722 16 8
20250722 21 8
20250723 02 4
20250723 02 5
20250723 02 7
20250723 03 1
20250723 03 3
20250723 03 7
20250723 03 8
20250723 04 2
20250723 04 3
20250723 04 5
20250723 04 6
20250723 10 8
20250724 01 1
20250724 01 2
20250724 03 5
20250724 03 7
20250724 03 12
20250724 04 3
20250724 04 4
20250724 10 7
20250724 10 9
20250724 12 3
20250724 12 4
20250724 13 1
20250724 13 4
20250724 13 7
20250724 16 8
20250724 22 5
20250724 22 6
20250725 01 5
20250725 03 2
20250725 03 5
20250725 03 7
20250725 03 9
20250725 03 10
20250725 03 12
20250725 04 3
20250725 04 5
20250725 04 12
20250725 05 6
20250725 12 2
20250725 15 1
20250725 15 2
20250725 16 8
20250725 16 10
20250725 20 4
20250725 22 4
20250726 01 1
20250726 01 4
20250726 04 4
20250726 05 3
20250726 06 3
20250726 06 5
20250726 06 6
20250726 06 7
20250726 13 1
20250726 15 2
20250726 15 4
20250726 17 6
20250726 20 3
20250726 20 6
20250726 22 6
20250726 23 8
20250727 01 1
20250727 01 2
20250727 01 4
20250727 06 2
20250727 06 5
20250727 06 6
20250727 15 3
20250727 23 4
20250728 06 6
20250728 13 1
20250728 15 2
20250728 17 4
20250728 17 6
20250728 20 3
20250728 20 4
20250728 22 3
20250728 22 10
20250729 01 8
20250729 04 1
20250729 04 10
20250729 06 5
20250729 06 6
20250729 06 7
20250729 08 7
20250729 14 8
20250729 14 9
20250729 14 10
20250729 17 6
20250729 19 8
20250729 24 1
20250730 08 4
20250730 09 6
20250730 11 7
20250730 11 8
20250730 14 2
20250731 04 4
20250731 04 5
20250731 06 9
20250731 08 5
20250731 08 9
20250731 13 4
20250731 14 4
20250731 14 7
20250731 21 8
20250731 24 7
20250801 04 3
20250801 04 4
20250801 06 1
20250801 06 11
20250801 09 4
20250801 11 2
20250801 11 6
20250801 11 7
20250801 12 6
20250801 12 8
20250801 18 8
20250801 22 6
20250801 24 1
20250802 04 2
20250802 04 5
20250802 04 6
20250802 04 8
20250802 04 11
20250802 07 5
20250802 11 1
20250802 11 3
20250802 11 8
20250802 13 1
20250802 16 4
20250802 16 7
20250802 18 9
20250802 21 8
20250803 01 4
20250803 03 8
20250803 04 1
20250803 04 2
20250803 04 4
20250803 04 6
20250803 04 10
20250803 07 2
20250803 07 3
20250803 07 5
20250803 18 10
20250803 18 11
20250803 21 2
20250803 22 4
20250803 23 11
20250804 01 5
20250804 03 1
20250804 03 3
20250804 03 8
20250804 03 9
20250804 11 6
20250804 14 6
20250804 14 8
20250804 14 9
20250804 14 10
20250804 14 11
20250804 15 4
20250804 16 5
20250804 16 8
20250804 17 2
20250804 18 6
20250804 18 9
20250804 22 3
20250804 22 7
20250804 23 11
20250805 01 1
20250805 03 1
20250805 03 3
20250805 03 4
20250805 03 5
20250805 03 6
20250805 03 7
20250805 03 12
20250805 07 4
20250805 09 6
20250805 13 1
20250805 13 11
20250805 14 2
20250805 14 7
20250805 15 2
20250805 17 3
20250805 17 8
20250805 17 10
20250805 23 4
20250805 23 6
20250805 23 8
20250806 01 5
20250806 03 2
20250806 03 3
20250806 09 2
20250806 14 2
20250806 14 7
20250806 14 9
20250806 15 5
20250806 17 4
20250806 22 3
20250806 23 7
20250807 02 3
20250807 03 1
20250807 04 5
20250807 04 7
20250807 06 5
20250807 14 2
20250807 14 5
20250807 14 7
20250807 15 5
20250808 02 2
20250808 02 4
20250808 03 2
20250808 03 4
20250808 03 5
20250808 03 8
20250808 03 12
20250808 04 3
20250808 04 5
20250808 04 9
20250808 06 2
20250808 06 10
20250809 02 1
20250809 02 3
20250809 04 4
20250809 04 5
20250809 04 7
20250809 04 9
20250809 13 3
20250809 13 4
20250809 13 7
20250809 20 6
20250810 02 1
20250810 02 3
20250810 02 4
20250810 04 3
20250810 04 5
20250810 04 9
20250810 05 3
20250810 06 2
20250810 07 3
20250810 07 4
20250810 07 5
20250810 08 3
20250810 11 2
20250810 15 4
20250810 19 6
20250810 21 3
20250810 23 6
20250810 23 7
20250811 01 2
20250811 01 4
20250811 02 4
20250811 02 5
20250811 02 10
20250811 04 1
20250811 04 2
20250811 04 4
20250811 04 6
20250811 04 7
20250811 05 5
20250811 05 7
20250811 06 12
20250811 07 1
20250811 07 2
20250811 07 4
20250811 08 8
20250811 11 5
20250811 11 6
20250811 13 1
20250811 13 3
20250811 13 4
20250811 16 7
20250811 20 2
20250811 22 6
20250811 23 7
20250811 23 10
20250812 01 5
20250812 01 9
20250812 01 10
20250812 04 4
20250812 04 7
20250812 05 2
20250812 05 3
20250812 07 4
20250812 07 5
20250812 11 10
20250812 15 6
20250812 17 2
20250812 19 7
20250812 23 9
20250813 01 5
20250813 05 6
20250813 08 2
20250813 08 8
20250813 11 4
20250813 11 6
20250813 13 1
20250813 13 2
20250813 14 7
20250813 14 8
20250813 17 7
20250813 17 10
20250813 22 5
20250813 23 4
20250813 23 9
20250814 01 2
20250814 01 4
20250814 02 2
20250814 02 4
20250814 02 6
20250814 02 8
20250814 09 8
20250814 14 9
20250814 17 6
20250814 22 4
20250815 02 1
20250815 02 2
20250815 02 6
20250815 02 8
20250815 05 2
20250815 05 6
20250815 06 6
20250815 06 7
20250815 09 7
20250815 09 8
20250815 11 1
20250815 11 4
20250815 11 9
20250815 12 2
20250815 17 7
20250815 22 4
20250815 23 9
20250815 24 3
20250816 02 1
20250816 02 2
20250816 02 6
20250816 02 8
20250816 04 1
20250816 04 5
20250816 04 7
20250816 06 1
20250816 09 4
20250816 10 7
20250816 13 4
20250816 14 10
20250816 20 2
20250816 20 9
20250817 02 2
20250817 02 3
20250817 02 4
20250817 02 6
20250817 02 8
20250817 03 3
20250817 03 4
20250817 03 5
20250817 03 6
20250817 03 7
20250817 04 1
20250817 04 6
20250817 04 7
20250817 06 1
20250817 06 3
20250817 06 9
20250817 10 7
20250817 12 2
20250817 12 3
20250817 12 4
20250817 15 2
20250817 16 7
20250817 16 8
20250817 21 6
20250817 21 7
20250817 21 10
20250818 02 4
20250818 03 3
20250818 03 6
20250818 04 3
20250818 04 9
20250818 04 10
20250818 04 11
20250818 06 1
20250818 06 3
20250818 06 5
20250818 09 4
20250818 16 4
20250818 20 2
20250818 21 7
20250819 02 3
20250819 02 6
20250819 03 4
20250819 04 1
20250819 04 4
20250819 04 9
20250819 06 3
20250819 06 11
20250819 11 4
20250819 13 1
20250819 13 3
20250819 15 3
20250819 16 1
20250819 21 8
20250819 23 9
20250820 03 7
20250820 03 8
20250820 04 2
20250820 04 5
20250820 04 7
20250820 06 3
20250820 06 10
20250820 06 11
20250820 15 7
20250820 20 1
20250820 21 9
20250821 04 2
20250821 04 5
20250821 04 6
20250821 11 4
20250821 16 4
20250821 16 11
20250821 21 6
20250821 23 7
20250821 23 8
20250822 02 8
20250822 03 2
20250822 03 5
20250822 03 7
20250822 05 3
20250822 09 4
20250822 09 6
20250822 11 5
20250822 11 7
20250822 11 9
20250822 14 5
20250822 14 6
20250822 14 8
20250822 14 10
20250822 14 11
20250822 22 3
20250822 23 4
20250822 23 7
20250822 24 2
20250823 02 5
20250823 02 11
20250823 06 2
20250823 06 3
20250823 06 10
20250823 09 6
20250823 12 1
20250823 14 10
20250823 19 3
20250823 19 4
20250823 22 2
20250823 23 6
20250823 23 8
20250824 01 4
20250824 02 3
20250824 02 4
20250824 05 2
20250824 06 5
20250824 09 2
20250824 09 4
20250824 12 2
20250824 14 11
20250824 24 2
20250825 01 2
20250825 01 3
20250825 01 5
20250825 01 9
20250825 02 3
20250825 02 6
20250825 04 1
20250825 04 3
20250825 04 7
20250825 12 3
20250825 14 8
20250825 14 9
20250825 18 6
20250826 01 3
20250826 01 4
20250826 04 1
20250826 04 3
20250826 04 6
20250826 06 3
20250826 06 5
20250826 06 7
20250826 06 10
20250826 11 3
20250826 11 6
20250826 11 7
20250826 18 8
20250826 21 9
20250827 01 1
20250827 04 1
20250827 04 5
20250827 04 6
20250827 04 9
20250827 05 4
20250827 09 10
20250827 10 6
20250827 11 4
20250827 11 7
20250827 11 8
20250827 16 9
20250827 21 6
20250827 21 8
20250828 01 2
20250828 01 3
20250828 02 3
20250828 02 6
20250828 04 3
20250828 04 4
20250828 04 5
20250828 04 8
20250828 04 10
20250828 08 2
20250828 11 6
20250828 18 7
20250828 24 6
20250829 02 3
20250829 02 4
20250829 04 5
20250829 04 7
20250829 05 2
20250829 05 5
20250829 05 6
20250829 05 7
20250829 08 7
20250829 08 9
20250829 10 5
20250829 10 8
20250829 10 9
20250829 10 10
20250829 11 3
20250829 11 9
20250830 02 1
20250830 02 4
20250830 02 6
20250830 02 8
20250830 04 2
20250830 04 5
20250830 05 3
20250830 05 4
20250830 06 7
20250830 16 8
20250830 21 6
20250830 24 2
20250830 24 4
20250830 24 8
20250831 06 1
20250831 06 3
20250831 06 5
20250831 06 8
20250831 08 3
20250831 08 4
20250831 08 8
20250831 08 9
20250831 09 3
20250831 09 7
20250831 14 7
20250831 14 8
20250831 21 7
20250831 24 8
20250901 05 7
20250901 06 7
20250901 09 3
20250901 09 4
20250901 09 6
20250901 09 7
20250901 14 2
20250901 19 3
20250902 03 2
20250902 03 5
20250902 03 6
20250902 03 7
20250902 03 8
20250902 03 12
20250902 06 2
20250902 09 6
20250902 14 7
20250902 14 9
20250902 22 7
20250903 03 2
20250903 03 3
20250903 03 6
20250903 03 8
20250903 06 3
20250903 06 5
20250903 11 6
20250903 11 7
20250903 12 3
20250903 21 6
20250903 21 8
20250903 22 6
20250904 03 2
20250904 03 6
20250904 11 2
20250904 15 2
20250904 22 7
20250905 10 5
20250905 10 8
20250905 10 10
20250905 11 7
20250905 11 9
20250905 17 2
20250905 17 7
20250905 19 1
20250905 19 3
20250905 23 4
20250905 23 8
20250906 01 5
20250906 03 2
20250906 03 3
20250906 04 3
20250906 10 5
20250906 10 6
20250906 11 1
20250906 11 2
20250906 11 3
20250906 20 3
20250906 20 6
20250906 20 7
20250906 22 10
20250906 23 6
20250906 23 9
20250907 03 1
20250907 03 7
20250907 03 9
20250907 03 10
20250907 04 11
20250907 10 5
20250907 15 3
20250907 17 3
20250907 17 4
20250907 19 10
20250907 20 3
20250907 23 6
20250908 01 3
20250908 01 4
20250908 01 5
20250908 03 4
20250908 03 8
20250908 03 9
20250908 04 5
20250908 04 11
20250908 16 2
20250908 17 3
20250908 20 2
20250908 23 4
20250909 01 2
20250909 01 4
20250909 01 10
20250909 04 10
20250909 05 4
20250909 17 4
20250909 18 11
20250910 01 1
20250910 02 1
20250910 02 3
20250910 02 4
20250910 02 8
20250910 04 8
20250910 09 4
20250910 09 7
20250910 16 3
20250910 16 4
20250910 16 10
20250910 18 11
20250911 02 3
20250911 02 4
20250911 02 6
20250911 02 9
20250911 06 3
20250911 09 3
20250911 19 4
20250911 19 6
20250911 21 6
20250911 22 4
20250912 02 2
20250912 02 8
20250912 02 10
20250912 05 3
20250912 11 4
20250912 15 2
20250912 18 6
20250912 18 11
20250912 19 3
20250912 19 6
20250913 02 2
20250913 02 3
20250913 02 4
20250913 04 1
20250913 04 2
20250913 04 3
20250913 04 4
20250913 04 7
20250913 06 7
20250913 06 8
20250913 11 1
20250913 14 3
20250913 15 4
20250914 02 2
20250914 02 3
20250914 02 4
20250914 04 1
20250914 04 6
20250914 06 3
20250914 06 7
20250914 06 9
20250914 06 11
20250914 14 2
20250914 15 4
20250914 17 2
20250914 20 2
20250914 20 4
20250914 22 3
20250914 24 4
20250915 02 2
20250915 02 3
20250915 02 6
20250915 02 11
20250915 03 7
20250915 04 6
20250915 06 1
20250915 21 7
20250916 03 2
20250916 03 7
20250916 03 9
20250916 04 2
20250916 04 3
20250916 04 6
20250916 15 1
20250916 20 5
20250916 22 2
20250916 23 7
20250917 03 3
20250917 03 4
20250917 03 6
20250917 04 3
20250917 04 4
20250917 04 7
20250917 09 3
20250917 09 7
20250917 15 2
20250917 17 7
20250917 20 2
20250917 20 3
20250917 23 9
20250917 24 5
20250918 03 1
20250918 03 12
20250918 04 8
20250918 09 3
20250918 09 4
20250918 10 5
20250918 12 7
20250918 20 4
20250919 02 6
20250919 02 8
20250919 02 9
20250919 21 8
20250920 02 2
20250920 02 4
20250920 02 8
20250920 02 10
20250920 06 7
20250920 08 9
20250920 09 3
20250920 10 4
20250920 10 6
20250920 10 7
20250920 12 6
20250920 12 7
20250920 12 8
20250920 12 9
20250920 21 8
20250920 24 6
20250920 24 9
20250921 01 1
20250921 01 3
20250921 01 5
20250921 02 2
20250921 02 4
20250921 02 6
20250921 02 8
20250921 03 1
20250921 03 3
20250921 03 4
20250921 03 9
20250921 19 1
20250921 19 3
20250921 19 5
20250921 21 8
20250922 01 2
20250922 03 3
20250922 03 5
20250922 03 8
20250922 04 3
20250922 04 4
20250922 05 2
20250922 06 2
20250922 06 3
20250922 06 6
20250922 08 5
20250922 21 6
20250922 23 4
20250922 23 10
20250923 01 1
20250923 03 2
20250923 03 3
20250923 03 8
20250923 04 2
20250923 04 3
20250923 04 8
20250923 06 7
20250923 06 10
20250923 14 9
20250923 20 11
20250923 22 8
20250923 23 4
20250924 01 9
20250924 03 9
20250924 04 1
20250924 06 1
20250924 14 2
20250924 14 3
20250924 14 6
20250924 14 7
20250924 14 8
20250924 14 9
20250924 23 4
20250924 23 9
20250925 01 1
20250925 04 3
20250925 06 6
20250925 06 7
20250925 08 8
20250925 14 6
20250925 14 9
20250925 15 4
20250926 01 1
20250926 01 4
20250926 02 3
20250926 02 4
20250926 04 1
20250926 04 3
20250926 08 2
20250926 08 4
20250926 08 5
20250926 10 10
20250926 23 8
20250927 02 8
20250927 02 10
20250927 04 9
20250927 08 9
20250927 10 8
20250927 12 7
20250927 15 7
20250927 17 2
20250928 02 1
20250928 02 2
20250928 02 6
20250928 03 4
20250928 03 6
20250928 03 11
20250928 08 3
20250928 08 7
20250928 10 5
20250928 10 7
20250928 11 1
20250928 11 5
20250928 11 9
20250928 15 2
20250928 15 4
20250928 24 3
20250929 02 4
20250929 03 4
20250929 14 6
20250929 15 2
20250929 19 1
20250929 19 4
20250929 20 4
20250929 24 2
20250929 24 6
20250930 03 2
20250930 03 5
20250930 03 7
20250930 14 2
20250930 14 5
20250930 24 5
20250930 24 6
20251001 03 6
20251001 04 2
20251001 04 8
20251001 06 6
20251001 14 6
20251001 14 10
20251001 19 2
20251001 20 4
20251001 22 5
20251002 04 10
20251002 06 7
20251002 20 3
20251002 20 9
20251002 23 4
20251002 23 9
20251003 04 2
20251003 04 6
20251003 04 7
20251003 11 2
20251003 11 3
20251003 11 9
20251003 22 3
20251003 22 5
20251004 02 1
20251004 02 2
20251004 04 4
20251004 04 5
20251004 09 7
20251004 10 5
20251004 10 8
20251004 11 2
20251004 11 3
20251004 11 7
20251004 22 2
20251004 22 3
20251005 03 4
20251005 10 6
20251005 10 7
20251005 11 3
20251005 18 6
20251006 02 1
20251006 02 3
20251006 02 6
20251006 03 6
20251006 03 7
20251006 09 3
20251006 09 7
20251006 10 5
20251006 10 7
20251006 24 2
20251007 02 1
20251007 02 2
20251007 02 3
20251007 08 8
20251007 09 8
20251007 10 10
20251008 01 3
20251008 02 1
20251008 02 5
20251008 03 2
20251008 03 3
20251008 03 5
20251008 03 7
20251008 14 6
20251008 14 7
20251008 14 9
20251008 14 10
20251008 14 11
20251009 02 1
20251009 02 4
20251009 02 6
20251009 06 4
20251009 08 3
20251009 14 5
20251009 14 6
20251009 14 8
20251009 14 10
20251010 01 1
20251010 01 5
20251010 05 8
20251010 06 8
20251010 06 10
20251010 08 4
20251010 08 9
20251010 14 6
20251010 21 8
20251011 01 1
20251011 03 3
20251011 05 1
20251011 06 2
20251011 06 3
20251011 06 4
20251011 06 7
20251011 09 8
20251011 10 7
20251011 12 4
20251011 14 4
20251011 14 6
20251011 21 6
20251011 21 10
20251011 22 3
20251012 01 1
20251012 01 3
20251012 01 5
20251012 05 1
20251012 10 11
20251012 12 2
20251012 15 2
20251012 21 8
20251013 01 5
20251013 05 1
20251013 05 2
20251013 09 3
20251013 09 7
20251013 10 3
20251013 18 11
20251013 21 10
20251013 22 7
20251014 07 8
20251014 09 6
20251014 11 3
20251014 15 3
20251014 15 4
20251014 21 6
20251014 21 7
20251014 22 6
20251014 24 6
20251015 05 7
20251015 11 8
20251015 11 9
20251015 11 10
20251015 14 6
20251015 14 7
20251015 21 6
20251015 21 9
20251016 02 3
20251016 02 9
20251016 03 6
20251016 03 8
20251016 09 4
20251016 11 2
20251016 11 4
20251016 14 2
20251016 14 8
20251017 02 1
20251017 02 2
20251017 02 4
20251017 02 8
20251017 02 9
20251017 03 3
20251017 03 6
20251017 03 9
20251017 06 2
20251017 06 8
20251017 07 1
20251017 07 4
20251017 07 5
20251017 07 7
20251017 10 10
20251017 14 7
20251017 14 8
20251018 03 7
20251018 03 8
20251018 08 8
20251018 10 6
20251018 10 8
20251018 10 9
20251018 10 10
20251018 12 3
20251018 14 2
20251018 14 5
20251018 14 7
20251018 14 10
20251019 02 8
20251019 02 10
20251019 02 11
20251019 05 2
20251019 05 3
20251019 08 4
20251019 10 3
20251019 10 9
20251019 10 10
20251019 12 2
20251019 12 4
20251019 14 6
20251019 14 7
20251019 14 9
20251019 17 7
20251019 22 2
20251020 05 3
20251020 06 2
20251020 06 3
20251020 06 8
20251020 14 7
20251020 15 5
20251020 15 8
20251020 22 1
20251020 22 3
20251020 22 8
20251021 01 1
20251021 01 3
20251021 01 4
20251021 05 1
20251021 05 3
20251021 05 5
20251021 10 5
20251021 10 6
20251021 12 11
20251021 15 2
20251021 15 5
20251021 17 2
20251021 17 5
20251021 17 10
20251021 22 2
20251021 22 3
20251021 22 5
20251021 22 8
20251021 24 3
20251021 24 6
20251021 24 8
20251022 01 3
20251022 07 8
20251022 15 2
20251022 15 4
20251022 17 3
20251022 17 8
20251022 17 9
20251022 18 6
20251022 18 8
20251022 22 3
20251022 22 4
20251022 22 6
20251023 05 2
20251023 05 10
20251023 11 2
20251023 11 6
20251023 17 3
20251023 18 7
20251023 18 8
20251023 18 10
20251023 21 3
20251023 22 6
20251024 02 3
20251024 02 4
20251024 02 5
20251024 02 12
20251024 07 3
20251024 07 4
20251024 07 6
20251024 11 2
20251024 11 10
20251024 12 7
20251024 17 2
20251025 02 8
20251025 03 4
20251025 06 3
20251025 06 7
20251025 07 5
20251025 07 6
20251025 11 2
20251025 11 5
20251025 11 8
20251025 12 4
20251026 02 4
20251026 03 2
20251026 03 3
20251026 06 2
20251026 08 5
20251026 11 4
20251026 11 6
20251026 11 7
20251026 21 6
20251026 21 10
20251026 24 2
20251027 02 3
20251027 02 6
20251027 03 2
20251027 08 3
20251027 11 5
20251027 11 12
20251027 14 6
20251027 14 9
20251027 14 11
20251027 21 6
20251027 21 8
20251027 24 5
20251028 03 2
20251028 03 5
20251028 14 2
20251028 14 5
20251028 14 7
20251028 24 4
20251029 03 11
20251029 05 3
20251029 06 4
20251029 10 5
20251029 14 2
20251029 14 6
20251029 14 7
20251029 14 8
20251029 14 9
20251029 17 2
20251030 03 2
20251030 03 8
20251030 05 3
20251030 06 1
20251030 15 2
20251030 17 3
20251031 05 1
20251031 05 4
20251031 09 8
20251031 10 5
20251031 15 1
20251031 15 6
20251101 01 3
20251101 01 10
20251101 05 6
20251101 10 8
20251101 10 10
20251101 10 11
20251101 12 7
20251101 17 3
20251101 21 7
20251102 01 4
20251102 05 7
20251102 08 7
20251102 09 3
20251102 09 4
20251102 11 3
20251102 11 5
20251102 11 9
20251102 12 3
20251102 20 3
20251102 20 4
20251102 20 6
20251102 22 4
20251103 01 5
20251103 05 10
20251103 06 7
20251103 07 3
20251103 07 4
20251103 07 5
20251103 07 12
20251103 08 3
20251103 11 8
20251103 11 9
20251103 12 6
20251103 24 3
20251104 02 3
20251104 02 11
20251104 12 3
20251104 12 4
20251104 18 6
20251104 18 7
20251104 20 3
20251105 02 2
20251105 02 3
20251105 02 5
20251105 17 7
20251105 17 8
20251105 21 6
20251106 02 1
20251106 02 3
20251106 02 4
20251106 02 5
20251106 07 3
20251106 14 2
20251106 14 6
20251106 14 7
20251106 14 9
20251106 14 11
20251106 14 12
20251106 17 4
20251106 17 5
20251106 17 8
20251106 17 9
20251106 18 6
20251106 18 8
20251106 22 6
20251106 22 7
20251107 02 3
20251107 02 4
20251107 02 5
20251107 03 1
20251107 14 6
20251107 14 7
20251107 14 10
20251107 14 11
20251107 17 4
20251107 18 6
20251108 02 2
20251108 02 4
20251108 02 5
20251108 02 7
20251108 03 3
20251108 03 8
20251108 07 12
20251108 09 3
20251108 09 6
20251108 14 2
20251108 14 5
20251108 14 6
20251108 14 9
20251108 17 2
20251108 17 3
20251108 17 4
20251108 17 5
20251108 22 7
20251109 03 3
20251109 03 5
20251109 14 2
20251109 14 5
20251109 14 6
20251109 14 7
20251109 14 10
20251109 22 2
20251109 22 6
20251109 22 7
20251110 03 3
20251110 03 10
20251110 05 2
20251110 14 4
20251110 14 7
20251110 14 11
20251110 15 5
20251110 15 8
20251111 01 2
20251111 03 4
20251111 05 3
20251111 05 5
20251111 08 3
20251111 14 7
20251111 19 1
20251112 01 1
20251112 01 3
20251112 01 5
20251112 03 1
20251112 03 3
20251112 03 6
20251112 03 7
20251112 03 10
20251112 03 11
20251112 05 2
20251112 10 2
20251112 10 5
20251112 10 7
20251112 19 4
20251112 19 6
20251113 02 6
20251113 08 3
20251113 08 7
20251113 10 3
20251113 12 2
20251113 12 3
20251113 12 4
20251113 17 2
20251113 21 8
20251114 01 5
20251114 05 7
20251114 07 1
20251114 07 5
20251114 08 2
20251114 10 7
20251114 10 9
20251115 01 1
20251115 01 2
20251115 02 3
20251115 07 2
20251115 10 6
20251115 10 8
20251115 10 9
20251115 14 8
20251115 17 3
20251115 20 11
20251116 02 3
20251116 03 7
20251116 03 8
20251116 10 2
20251116 12 1
20251116 12 3
20251116 14 7
20251116 14 8
20251116 17 7
20251116 17 9
20251116 22 5
20251116 22 6
20251117 03 2
20251117 03 9
20251117 10 7
20251117 14 3
20251117 14 9
20251117 14 10
20251117 15 9
20251117 20 3
20251117 22 10
20251118 03 2
20251118 03 9
20251118 09 4
20251118 14 6
20251118 15 2
20251118 15 4
20251118 17 10
20251118 20 2
20251118 21 6
20251118 21 8
20251119 03 1
20251119 03 3
20251119 03 11
20251119 05 3
20251119 05 8
20251119 14 2
20251119 14 6
20251119 14 9
20251119 21 8
20251119 21 9
20251119 24 5
20251120 08 5
20251120 09 6
20251120 09 8
20251120 14 7
20251120 19 1
20251120 19 2
20251120 19 3
20251120 21 6
20251120 21 10
20251121 01 2
20251121 05 2
20251121 08 9
20251121 09 4
20251121 17 7
20251121 21 6
20251122 01 4
20251122 07 2
20251122 08 8
20251123 01 3
20251123 02 2
20251123 02 4
20251123 03 2
20251123 03 4
20251123 07 3
20251123 10 10
20251123 12 4
20251123 12 6
20251123 17 5
20251123 21 8
20251124 01 2
20251124 02 4
20251124 07 1
20251124 07 3
20251124 10 6
20251124 10 9
20251124 10 10
20251124 12 3
20251124 12 6
20251124 14 10
20251124 17 2
20251125 01 1
20251125 02 3
20251125 02 6
20251125 02 9
20251125 02 10
20251125 03 5
20251125 03 8
20251125 07 2
20251125 15 2
20251125 15 7
20251125 24 2
20251125 24 8
20251126 03 1
20251126 03 8
20251126 03 9
20251126 06 5
20251126 07 1
20251126 08 2
20251126 14 3
20251126 14 5
20251126 14 7
20251126 14 8
20251126 14 10
20251127 03 3
20251127 03 6
20251127 14 5
20251127 14 7
20251127 14 8
20251127 15 5
20251127 18 6
20251127 18 11
20251127 20 3
20251127 20 6
20251127 24 5
20251128 03 3
20251128 03 7
20251128 06 4
20251128 08 8
20251128 09 2
20251128 09 7
20251128 14 2
20251128 14 8
20251128 15 2
20251128 15 5
20251128 18 10
20251128 24 6
20251129 01 5
20251129 06 3
20251129 06 5
20251129 08 2
20251129 09 4
20251129 18 8
20251129 18 10
20251129 20 3
20251130 05 3
20251130 06 4
20251130 08 8
20251130 09 3
20251130 15 4
20251201 05 1
20251201 05 3
20251201 06 3
20251201 12 4
20251201 12 6
20251201 14 5
20251201 14 6
20251201 14 7
20251201 17 2
20251201 17 4
20251201 17 8
20251202 02 2
20251202 02 4
20251202 05 1
20251202 05 6
20251202 07 3
20251202 12 9
20251202 13 4
20251202 14 7
20251202 14 9
20251203 05 7
20251203 07 2
20251203 07 5
20251203 07 6
20251203 13 2
20251203 13 3
20251203 13 4
20251203 14 2
20251203 14 3
20251203 14 6
20251203 14 10
20251203 17 2
20251203 17 8
20251203 17 9
20251203 21 6
20251203 21 7
20251203 21 8
20251204 02 1
20251204 02 3
20251204 02 4
20251204 07 2
20251204 07 3
20251204 11 6
20251204 13 4
20251204 14 4
20251204 14 6
20251204 14 9
20251204 14 12
20251204 15 7
20251204 17 3
20251205 10 6
20251205 11 4
20251205 11 5
20251205 11 7
20251205 11 8
20251205 13 1
20251205 13 3
20251205 13 7
20251205 13 11
20251205 14 2
20251205 14 10
20251205 15 2
20251205 15 5
20251205 17 2
20251205 18 8
20251205 18 10
20251205 22 6
20251206 09 4
20251206 09 6
20251206 09 8
20251206 10 7
20251206 10 9
20251206 11 2
20251206 11 8
20251206 18 7
20251206 22 5
20251207 10 4
20251207 10 5
20251207 15 12
20251207 18 7
20251207 20 3
20251207 20 6
20251207 22 6
20251208 03 1
20251208 03 4
20251208 09 3
20251208 10 4
20251208 11 3
20251208 13 3
20251208 13 8
20251208 15 2
20251208 22 6
20251209 11 4
20251209 11 8
20251209 11 11
20251209 13 2
20251209 13 3
20251209 14 8
20251209 14 9
20251209 20 2
20251210 03 3
20251210 03 6
20251210 03 7
20251210 05 1
20251210 05 6
20251210 07 2
20251210 07 5
20251210 09 4
20251210 13 4
20251210 14 6
20251210 14 7
20251210 17 5
20251211 03 4
20251211 03 5
20251211 03 6
20251211 03 8
20251211 03 9
20251211 03 12
20251211 06 1
20251211 06 4
20251211 14 3
20251211 14 6
20251211 14 7
20251212 05 5
20251212 06 4
20251212 10 2
20251212 10 8
20251212 10 9
20251212 10 10
20251212 13 1
20251212 15 2
20251212 17 3
20251212 17 5
20251212 17 7
20251213 01 4
20251213 06 5
20251213 17 4
20251213 18 7
20251213 21 8
20251214 01 4
20251214 01 7
20251214 02 6
20251214 03 4
20251214 03 10
20251214 05 4
20251214 06 8
20251214 08 8
20251214 10 10
20251214 11 4
20251214 11 6
20251214 11 7
20251214 15 2
20251214 15 6
20251214 15 12
20251214 18 8
20251215 01 1
20251215 01 4
20251215 02 3
20251215 02 4
20251215 02 6
20251215 02 8
20251215 06 1
20251215 06 10
20251215 07 4
20251215 10 6
20251215 10 7
20251215 10 9
20251215 11 9
20251215 22 5
20251215 24 2
20251216 01 4
20251216 02 6
20251216 08 4
20251216 08 8
20251216 11 7
20251216 22 4
20251217 03 3
20251217 03 4
20251217 03 6
20251217 05 3
20251217 09 6
20251217 09 7
20251218 03 4
20251218 03 6
20251218 03 7
20251218 03 8
20251218 11 3
20251218 22 5
20251219 02 6
20251219 03 2
20251219 03 4
20251219 03 7
20251219 06 3
20251219 06 7
20251219 11 4
20251219 14 6
20251219 14 8
20251219 14 10
20251219 14 12
20251219 16 3
20251219 16 4
20251219 22 3
20251219 24 6
20251220 03 4
20251220 03 7
20251220 17 5
20251220 19 6
20251220 21 8
20251220 22 4
20251221 02 3
20251221 02 4
20251221 03 2
20251221 03 4
20251221 05 5
20251221 05 9
20251221 06 7
20251221 14 8
20251221 14 9
20251221 17 3
20251221 17 6
20251221 23 11
20251222 02 3
20251222 02 6
20251222 06 1
20251222 06 2
20251222 06 4
20251222 07 8
20251222 08 3
20251222 14 7
20251222 14 8
20251222 14 10
20251222 17 9
20251222 19 3
20251223 02 4
20251223 06 2
20251223 07 5
20251223 09 4
20251223 09 6
20251223 14 7
20251223 14 9
20251223 15 2
20251223 15 3
20251223 17 2
20251223 17 7
20251223 20 3
20251224 06 5
20251224 07 3
20251224 08 4
20251224 09 4
20251224 15 5
20251224 15 7
20251224 16 1
20251224 16 8
20251224 16 9
20251224 17 2
20251224 20 3
20251225 03 3
20251225 03 4
20251225 03 5
20251225 03 7
20251225 10 8
20251225 11 2
20251225 11 8
20251225 11 9
20251225 12 6
20251225 16 10
20251225 18 5
20251225 18 7
20251225 18 8
20251225 18 11
20251225 20 4
20251225 22 3
20251226 03 3
20251226 03 6
20251226 03 7
20251226 04 2
20251226 04 3
20251226 04 4
20251226 05 4
20251226 07 4
20251226 08 4
20251226 11 3
20251226 11 7
20251226 11 8
20251226 11 9
20251226 12 9
20251226 13 1
20251226 18 5
20251226 18 8
20251226 18 9
20251226 18 10
20251226 22 3
20251226 22 4
20251227 01 3
20251227 01 5
20251227 02 3
20251227 02 6
20251227 03 4
20251227 04 4
20251227 04 9
20251227 05 4
20251227 05 10
20251227 10 5
20251227 11 4
20251227 11 6
20251227 13 3
20251227 13 8
20251227 18 6
20251227 22 7
20251228 01 2
20251228 01 4
20251228 02 2
20251228 02 6
20251228 04 2
20251228 05 4
20251228 11 1
20251228 11 7
20251228 11 10
20251228 16 1
20251228 16 8
20251228 19 4
20251228 23 4
20251228 23 6
20251228 23 7
20251228 23 8
20251229 01 9
20251229 02 3
20251229 02 4
20251229 02 8
20251229 02 9
20251229 03 5
20251229 08 3
20251229 08 8
20251229 16 7
20251229 16 9
20251229 18 8
20251229 19 7
20251229 23 5
20251229 23 10
20251230 02 2
20251230 02 4
20251230 02 9
20251230 04 3
20251230 04 7
20251230 06 4
20251230 08 5
20251230 09 4
20251230 10 6
20251230 16 3
20251230 17 5
20251230 19 6
20251230 22 10
20251230 23 7
20251231 02 3
20251231 04 7
20251231 06 4
20251231 07 3
20251231 08 4
20251231 09 6
20251231 10 7
20251231 15 2
20251231 16 7
20251231 16 9
20251231 16 10
20260101 07 3
20260101 08 2
20260101 10 6
20260101 14 2
20260101 14 7
20260101 14 8
20260101 15 2
20260101 15 3
20260101 15 7
20260101 20 2
20260101 20 3
20260102 01 4
20260102 01 5
20260102 01 9
20260102 03 2
20260102 03 5
20260102 07 4
20260102 09 2
20260102 09 3
20260102 09 6
20260102 09 8
20260102 10 10
20260102 12 4
20260102 14 2
20260102 14 5
20260102 14 8
20260102 14 9
20260102 14 10
20260102 15 1
20260102 15 2
20260102 15 3
20260102 17 7
20260102 18 7
20260102 18 8
20260102 18 9
20260102 18 10
20260102 21 6
20260102 21 8
20260103 01 5
20260103 02 1
20260103 02 2
20260103 02 3
20260103 02 4
20260103 03 2
20260103 03 6
20260103 05 5
20260103 08 3
20260103 10 5
20260103 11 4
20260103 11 7
20260103 11 8
20260103 12 4
20260103 14 2
20260103 14 3
20260103 14 6
20260103 14 8
20260103 14 9
20260103 15 4
20260103 15 5
20260103 20 2
20260103 21 7
20260104 01 2
20260104 01 5
20260104 02 1
20260104 02 2
20260104 02 3
20260104 02 4
20260104 03 3
20260104 03 8
20260104 04 2
20260104 05 4
20260104 09 11
20260104 10 9
20260104 11 2
20260104 11 10
20260104 12 1
20260104 12 3
20260104 13 3
20260104 14 2
20260104 14 7
20260104 15 3
20260104 15 6
20260104 18 9
20260104 20 2
20260104 20 3
20260104 24 3
20260105 01 1
20260105 01 4
20260105 02 2
20260105 02 3
20260105 02 4
20260105 02 5
20260105 02 9
20260105 03 2
20260105 03 3
20260105 03 4
20260105 03 5
20260105 03 7
20260105 04 4
20260105 04 7
20260105 11 3
20260105 11 7
20260105 12 1
20260105 12 2
20260105 13 1
20260105 14 7
20260105 14 12
20260105 15 3
20260105 18 7
20260105 20 1
20260105 20 2
20260106 01 4
20260106 02 1
20260106 02 3
20260106 02 4
20260106 02 5
20260106 03 4
20260106 04 1
20260106 05 1
20260106 05 3
20260106 05 6
20260106 11 7
20260106 14 6
20260106 14 8
20260106 16 4
20260106 16 8
20260106 22 3
20260106 23 6
20260106 23 8
20260106 24 1
20260106 24 5
20260107 02 4
20260107 04 9
20260107 10 11
20260107 13 8
20260107 23 7
20260108 02 5
20260108 02 8
20260108 02 10
20260108 04 3
20260108 04 4
20260108 04 5
20260108 11 2
20260108 11 4
20260108 16 4
20260108 16 9
20260108 20 3
20260109 04 2
20260109 04 7
20260109 04 9
20260109 09 3
20260109 09 6
20260109 10 6
20260109 10 7
20260109 10 9
20260109 16 3
20260109 16 7
20260109 16 8
20260109 17 3
20260109 17 7
20260109 20 2
20260110 05 3
20260110 05 5
20260110 06 2
20260110 06 6
20260110 09 3
20260110 09 8
20260110 15 7
20260110 17 4
20260111 02 3
20260111 02 8
20260111 06 6
20260111 07 2
20260111 13 3
20260111 13 5
20260111 16 3
20260111 16 6
20260111 17 9
20260112 01 2
20260112 01 3
20260112 02 2
20260112 02 6
20260112 02 8
20260112 03 6
20260112 03 7
20260112 12 3
20260112 12 9
20260112 14 6
20260112 14 7
20260112 14 9
20260112 14 10
20260112 17 3
20260112 20 3
20260113 01 4
20260113 02 4
20260113 02 6
20260113 02 8
20260113 05 1
20260113 05 2
20260113 05 3
20260113 05 4
20260113 14 7
20260113 14 8
20260113 14 9
20260113 14 11
20260113 15 4
20260113 17 4
20260113 17 8
20260113 19 3
20260113 19 6
20260113 21 8
20260113 21 10
20260114 01 3
20260114 02 3
20260114 03 4
20260114 03 7
20260114 04 7
20260114 12 3
20260114 13 7
20260114 14 6
20260114 14 7
20260114 14 8
20260114 14 9
20260114 22 3
20260114 23 6
20260115 01 2
20260115 01 3
20260115 01 4
20260115 01 9
20260115 03 8
20260115 04 7
20260115 05 6
20260115 14 7
20260115 14 9
20260115 14 10
20260115 16 4
20260115 22 3
20260115 23 6
20260116 01 4
20260116 04 6
20260116 06 2
20260116 06 3
20260116 06 6
20260116 09 8
20260116 11 7
20260116 14 4
20260116 16 2
20260116 16 7
20260116 22 3
20260116 23 4
20260117 01 3
20260117 01 5
20260117 04 2
20260117 04 3
20260117 06 4
20260117 06 7
20260117 14 2
20260117 14 6
20260117 14 7
20260117 22 6
20260117 22 7
20260117 23 7
20260117 24 1
20260117 24 2
20260117 24 6
20260118 02 4
20260118 04 2
20260118 06 3
20260118 06 4
20260118 06 7
20260118 09 2
20260118 09 6
20260118 15 3
20260118 15 5
20260118 16 2
20260118 16 4
20260118 24 3
20260118 24 5
20260119 02 3
20260119 08 9
20260119 11 9
20260119 15 4
20260119 20 11
20260120 02 2
20260120 02 3
20260120 02 4
20260120 02 6
20260120 06 6
20260120 08 3
20260120 08 5
20260120 08 10
20260120 09 3
20260120 11 1
20260120 11 3
20260120 11 4
20260120 11 9
20260120 13 4
20260120 13 5
20260120 15 3
20260120 15 5
20260120 15 9
20260120 17 2
20260120 17 4
20260120 17 10
20260121 02 2
20260121 02 5
20260121 02 7
20260121 04 2
20260121 04 4
20260121 04 6
20260121 08 9
20260121 10 8
20260121 10 10
20260121 14 8
20260121 17 2
20260121 17 5
20260121 17 10
20260121 17 11
20260121 19 1
20260121 19 4
20260121 20 1
20260121 20 2
20260121 20 3
20260122 01 3
20260122 02 3
20260122 02 6
20260122 02 8
20260122 04 1
20260122 04 3
20260122 04 7
20260122 10 10
20260122 14 2
20260122 14 5
20260122 20 1
20260122 20 2
20260123 01 5
20260123 03 8
20260123 04 2
20260123 04 4
20260123 07 6
20260123 10 7
20260123 14 5
20260123 14 8
20260123 16 4
20260123 17 2
20260123 17 4
20260123 23 7
20260123 24 3
20260123 24 8
20260124 01 9
20260124 03 3
20260124 03 4
20260124 03 6
20260124 03 7
20260124 04 2
20260124 04 3
20260124 04 4
20260124 06 7
20260124 07 4
20260124 10 9
20260124 14 3
20260124 14 6
20260124 16 3
20260124 16 8
20260124 23 6
20260124 23 8
20260124 23 9
20260125 01 1
20260125 03 2
20260125 03 3
20260125 04 2
20260125 06 2
20260125 06 10
20260125 07 3
20260125 16 4
20260125 18 9
20260125 23 4
20260125 23 6
20260125 23 7
20260126 03 1
20260126 03 2
20260126 03 3
20260126 03 4
20260126 03 5
20260126 04 2
20260126 04 3
20260126 05 5
20260126 05 10
20260126 06 2
20260126 06 6
20260126 06 7
20260126 10 6
20260126 11 7
20260126 22 3
20260127 06 12
20260127 09 4
20260127 12 6
20260128 03 3
20260128 05 1
20260128 05 2
20260128 09 2
20260128 09 3
20260128 09 4
20260128 11 6
20260128 18 11
20260129 01 2
20260129 04 1
20260129 04 3
20260129 04 4
20260129 04 6
20260129 05 1
20260129 05 2
20260129 12 8
20260129 13 11
20260129 16 8
20260129 18 5
20260130 01 2
20260130 01 5
20260130 02 3
20260130 02 4
20260130 04 3
20260130 04 4
20260130 04 7
20260130 04 8
20260130 06 4
20260130 12 6
20260130 13 7
20260130 16 8
20260130 23 6
20260131 01 4
20260131 01 5
20260131 02 2
20260131 02 3
20260131 02 4
20260131 04 2
20260131 04 7
20260131 06 4
20260131 06 6
20260131 10 5
20260131 13 7
20260131 14 8
20260131 14 9
20260131 21 6
20260131 21 8
20260131 22 2
20260131 22 3
20260201 01 1
20260201 01 4
20260201 03 3
20260201 04 5
20260201 06 2
20260201 06 6
20260201 06 7
20260201 06 8
20260201 07 4
20260201 13 1
20260201 13 7
20260201 14 8
20260201 16 2
20260201 21 6
20260202 02 2
20260202 02 8
20260202 03 3
20260202 03 11
20260202 06 3
20260202 06 4
20260202 06 7
20260202 06 11
20260202 07 4
20260202 07 6
20260202 10 6
20260202 10 7
20260202 10 8
20260202 14 6
20260203 03 6
20260203 03 11
20260203 06 10
20260203 07 3
20260203 07 4
20260203 07 5
20260203 07 6
20260203 14 2
20260203 14 8
20260203 15 3
20260203 16 5
20260203 17 5
20260204 03 3
20260204 03 8
20260204 04 2
20260204 04 6
20260204 04 9
20260204 11 7
20260204 15 8
20260204 17 10
20260204 18 8
20260205 01 3
20260205 01 4
20260205 04 1
20260205 04 6
20260205 04 7
20260205 04 8
20260205 11 4
20260205 15 3
20260205 17 9
20260206 01 4
20260206 01 9
20260206 04 9
20260206 11 4
20260206 11 6
20260206 16 6
20260206 16 8
20260206 17 7
20260207 01 8
20260207 02 2
20260207 02 5
20260207 02 8
20260207 04 1
20260207 04 2
20260207 10 7
20260207 11 7
20260207 18 6
20260207 18 7
20260207 18 8
20260208 01 1
20260208 01 10
20260208 08 9
20260208 16 3
20260208 23 9
20260209 02 2
20260209 02 6
20260209 03 1
20260209 03 4
20260209 03 6
20260209 08 5
20260209 08 7
20260209 08 9
20260209 08 10
20260209 10 10
20260209 16 10
20260210 02 2
20260210 02 6
20260210 02 8
20260210 03 8
20260210 03 10
20260210 06 3
20260210 10 7
20260210 13 5
20260210 13 8
20260210 15 3
20260210 15 4
20260210 16 2
20260211 03 4
20260211 03 5
20260211 13 7
20260211 14 6
20260211 14 10
20260211 19 6
20260211 20 5
20260212 03 1
20260212 03 12
20260212 04 2
20260212 04 4
20260212 06 7
20260212 07 5
20260212 13 5
20260212 14 2
20260212 14 7
20260212 15 4
20260212 15 5
20260212 17 3
20260212 18 8
20260213 04 6
20260213 06 7
20260213 13 5
20260213 14 9
20260213 15 3
20260213 18 8
20260214 01 5
20260214 07 4
20260214 11 8
20260214 11 9
20260214 14 7
20260214 15 3
20260214 17 7
20260215 04 2
20260215 04 7
20260215 07 6
20260215 08 7
20260215 11 3
20260215 20 6
20260215 21 6
20260216 01 4
20260216 04 2
20260216 08 3
20260216 11 3
20260216 11 6
20260216 16 6
20260217 01 2
20260217 01 3
20260217 04 2
20260217 04 5
20260217 04 6
20260217 04 7
20260217 08 2
20260217 10 9
20260217 13 3
20260217 16 2
20260217 16 9
20260217 19 3
20260218 01 5
20260218 10 6
20260218 10 7
20260218 10 9
20260218 10 10
20260218 16 2
20260218 16 8
20260218 22 2
20260219 03 7
20260219 06 5
20260219 16 4
20260219 18 8
20260219 22 3
20260220 03 6
20260220 03 9
20260220 10 5
20260220 10 6
20260220 10 8
20260220 13 1
20260220 13 2
20260220 17 7
20260220 18 5
20260220 18 10
20260220 22 8
20260221 04 2
20260221 04 3
20260221 06 5
20260221 06 6
20260221 06 9
20260221 22 7
20260222 03 4
20260222 03 8
20260222 04 2
20260222 04 6
20260222 05 2
20260222 05 6
20260222 06 2
20260222 12 2
20260222 12 3
20260222 12 6
20260222 13 1
20260222 15 7
20260222 17 9
20260222 19 11
20260222 21 8
20260223 04 1
20260223 04 4
20260223 06 5
20260223 06 7
20260223 07 3
20260223 11 2
20260223 11 7
20260223 11 9
20260223 12 8
20260223 15 6
20260223 16 4
20260223 17 5
20260223 17 9
20260223 17 10
20260223 22 3
20260223 23 7
20260224 06 2
20260224 07 1
20260224 07 2
20260224 14 2
20260224 16 8
20260224 21 8
20260225 01 4
20260225 02 2
20260225 04 2
20260225 04 3
20260225 11 2
20260225 11 3
20260225 12 9
20260225 13 3
20260225 14 1
20260225 14 3
20260225 14 10
20260225 16 3
20260225 19 6
20260225 21 6
20260225 21 8
20260225 23 7
20260225 23 10
20260226 01 3
20260226 02 6
20260226 02 10
20260226 04 3
20260226 04 5
20260226 04 6
20260226 05 4
20260226 05 8
20260226 05 11
20260226 14 10
20260226 21 6
20260226 23 7
20260226 23 9
20260226 23 10
20260226 23 11
20260226 24 3
20260227 01 3
20260227 02 8
20260227 05 3
20260227 14 2
20260227 19 7
20260227 24 5
20260227 24 7
20260228 02 4
20260228 02 8
20260228 03 2
20260228 03 4
20260228 03 6
20260228 07 8
20260228 08 7
20260228 12 4
20260228 13 3
20260228 13 8
20260228 14 1
20260228 14 9
20260228 18 7
20260228 19 1
20260228 19 3
20260228 19 4
20260228 24 6
20260301 01 3
20260301 02 2
20260301 03 6
20260301 06 7
20260301 07 3
20260301 18 6
20260301 18 8
20260301 20 3
20260301 22 3
20260302 03 6
20260302 04 1
20260302 04 3
20260302 06 3
20260302 18 8
20260302 18 10
20260302 20 2
20260302 20 4
20260302 22 3
20260303 03 6
20260303 04 2
20260303 04 6
20260303 06 3
20260303 06 4
20260303 06 6
20260303 06 9
20260303 07 1
20260303 07 3
20260303 07 4
20260303 11 1
20260303 15 12
20260303 22 3
20260303 22 4
20260303 22 5
20260303 22 6
20260304 04 4
20260304 04 6
20260304 06 4
20260304 11 4
20260304 11 6
20260304 11 7
20260304 15 7
20260304 18 12
20260304 20 7
20260304 22 3
20260305 04 2
20260305 04 3
20260305 04 6
20260305 11 9
20260305 12 3
20260305 13 1
20260305 15 7
20260305 16 7
20260306 01 2
20260306 01 3
20260306 01 5
20260306 04 6
20260306 17 6
20260306 17 8
20260306 20 2
20260306 21 6
20260307 01 1
20260307 01 5
20260307 02 2
20260307 02 4
20260307 02 6
20260307 02 8
20260307 03 4
20260307 03 12
20260307 10 6
20260307 10 9
20260307 11 2
20260307 11 8
20260307 17 7
20260307 17 11
20260307 20 1
20260308 01 2
20260308 01 3
20260308 01 4
20260308 02 2
20260308 02 3
20260308 02 4
20260308 02 6
20260308 02 9
20260308 03 6
20260308 08 7
20260308 08 8
20260308 12 1
20260309 01 1
20260309 01 2
20260309 01 10
20260309 02 3
20260309 03 2
20260309 03 4
20260309 03 8
20260309 04 1
20260309 04 2
20260309 04 3
20260309 10 7
20260309 10 8
20260310 01 3
20260310 01 5
20260310 01 8
20260310 01 9
20260310 02 6
20260310 02 8
20260310 03 3
20260310 03 5
20260310 03 7
20260310 04 1
20260310 04 3
20260310 04 4
20260310 08 2
20260310 10 5
20260310 18 8
20260310 18 10
20260310 20 2
20260310 22 2
20260310 22 5
20260311 01 3
20260311 02 1
20260311 02 4
20260311 02 5
20260311 04 1
20260311 04 3
20260311 04 7
20260311 05 4
20260311 08 9
20260311 13 5
20260311 13 8
20260311 16 4
20260312 02 3
20260312 04 2
20260312 04 7
20260312 08 3
20260312 11 1
20260312 11 7
20260312 14 2
20260312 14 5
20260312 14 7
20260312 18 7
20260312 20 3
20260312 20 9
20260312 22 5
20260312 22 6
20260312 22 10
20260313 04 2
20260313 04 4
20260313 04 5
20260313 05 5
20260313 06 2
20260313 06 3
20260313 07 2
20260313 11 1
20260313 11 4
20260313 11 8
20260313 14 9
20260313 14 11
20260313 16 8
20260313 18 5
20260313 18 8
20260313 21 7
20260313 22 2
20260313 22 3
20260313 22 4
20260313 22 5
20260314 04 2
20260314 04 7
20260314 05 4
20260314 06 3
20260314 06 5
20260314 06 6
20260314 11 2
20260314 11 3
20260314 14 5
20260314 14 8
20260314 14 10
20260314 14 12
20260315 03 2
20260315 03 4
20260315 03 6
20260315 06 3
20260315 06 7
20260315 07 1
20260315 07 3
20260315 11 3
20260315 11 5
20260315 14 11
20260316 03 6
20260316 03 7
20260316 03 8
20260316 05 4
20260316 05 7
20260316 10 8
20260316 10 10
20260316 11 7
20260316 19 4
20260316 21 8
20260317 01 2
20260317 01 4
20260317 01 5
20260317 03 5
20260317 03 7
20260317 03 8
20260317 06 2
20260317 10 9
20260317 17 7
20260317 19 4
20260318 01 2
20260318 01 4
20260318 01 9
20260318 01 10
20260318 03 3
20260318 04 3
20260318 04 7
20260318 08 8
20260318 10 5
20260318 10 7
20260318 10 9
20260318 14 10
20260318 24 3
20260319 01 1
20260319 01 2
20260319 01 4
20260319 01 5
20260319 02 8
20260319 02 11
20260319 03 1
20260319 03 7
20260319 04 2
20260319 04 7
20260319 08 7
20260319 08 8
20260319 08 9
20260319 14 6
20260319 14 7
20260319 16 8
20260319 17 10
20260319 20 2
20260319 20 9
20260319 23 2
20260319 23 5
20260320 01 4
20260320 01 9
20260320 02 2
20260320 02 8
20260320 02 9
20260320 03 4
20260320 03 8
20260320 04 1
20260320 04 6
20260320 05 3
20260320 06 3
20260320 08 9
20260320 14 5
20260320 14 6
20260320 14 9
20260320 15 4
20260320 17 7
20260320 18 6
20260320 23 7
20260321 02 2
20260321 02 3
20260321 02 4
20260321 04 2
20260321 04 7
20260321 05 3
20260321 06 6
20260321 08 2
20260321 14 5
20260321 14 6
20260321 14 7
20260321 14 8
20260321 14 9
20260321 19 2
20260321 20 4
20260321 20 5
20260321 20 6
20260322 02 6
20260322 05 5
20260322 06 5
20260322 06 6
20260322 13 5
20260322 14 10
20260322 15 3
20260322 16 7
20260322 16 10
20260322 20 2
20260322 22 3
20260323 02 4
20260323 05 4
20260323 05 8
20260323 06 6
20260323 13 4
20260323 19 7
20260324 05 4
20260324 10 7
20260324 10 9
20260324 13 7
20260325 04 6
20260325 09 8
20260325 10 8
20260325 10 9
20260325 13 2
20260325 13 3
20260325 13 5
20260326 04 3
20260326 04 6
20260326 04 7
20260326 10 5
20260326 10 9
20260326 12 2
20260326 12 3
20260326 17 6
20260327 04 4
20260327 04 6
20260327 09 3
20260327 10 6
20260327 10 10
20260327 13 1
20260327 16 7
20260327 16 10
20260327 17 2
20260327 17 3
20260327 17 6
20260327 17 7
20260328 04 2
20260328 04 3
20260328 04 4
20260328 04 9
20260328 05 1
20260328 05 3
20260328 05 8
20260328 08 5
20260328 09 3
20260328 13 2
20260328 17 7
20260328 19 4
20260329 02 4
20260329 02 6
20260329 04 3
20260329 04 4
20260329 04 5
20260329 04 7
20260329 04 10
20260329 05 4
20260329 08 5
20260329 08 8
20260329 17 9
20260329 21 6
20260329 23 6
20260329 23 10
20260330 02 4
20260330 02 10
20260330 08 5
20260331 02 1
20260331 02 2
20260331 02 3
20260331 02 6
20260331 05 8
20260331 06 9
20260331 08 2
20260331 08 5
20260331 08 8
20260331 16 10
20260331 17 9
20260331 17 10
20260331 18 8
20260331 21 2
20260331 21 7
20260331 21 8
20260331 24 5
20260401 01 2
20260401 18 7
20260401 22 7
20260401 23 9
20260402 01 1
20260402 02 3
20260402 02 10
20260402 06 1
20260402 15 4
20260402 18 8
20260402 18 11
20260403 01 1
20260403 01 2
20260403 01 4
20260403 01 5
20260403 04 2
20260403 04 7
20260403 06 3
20260403 17 10
20260403 22 8
20260404 04 3
20260404 17 9
20260404 17 10
20260404 22 2
20260404 22 3
20260405 02 1
20260405 02 3
20260405 02 4
20260405 02 6
20260405 02 12
20260405 04 1
20260405 04 6
20260405 10 8
20260405 16 8
20260405 17 2
20260405 17 6
20260405 17 7
20260406 02 2
20260406 02 3
20260406 04 1
20260406 04 7
20260406 10 8
20260407 02 2
20260407 02 3
20260407 02 4
20260407 04 3
20260407 08 2
20260407 08 4
20260407 08 8
20260407 08 9
20260407 10 7
20260407 16 10
20260407 17 3
20260408 02 2
20260408 02 3
20260408 04 2
20260408 04 3
20260408 04 4
20260408 07 2
20260408 07 3
20260408 07 4
20260408 07 5
20260408 08 5
20260408 10 9
20260408 10 10
20260408 23 8
20260408 24 4
20260409 02 1
20260409 02 2
20260409 02 6
20260409 06 5
20260409 07 2
20260409 07 3
20260409 07 4
20260409 08 11
20260409 11 7
20260409 15 2
20260409 15 3
20260409 23 4
20260409 23 5
20260409 23 6
20260410 02 4
20260410 02 6
20260410 02 8
20260410 02 10
20260410 17 2
20260410 23 4
20260410 23 10
20260410 24 5
20260410 24 6
20260410 24 7
20260411 04 1
20260411 04 2
20260411 04 4
20260411 04 6
20260411 04 10
20260411 06 2
20260411 06 3
20260411 11 2
20260411 11 3
20260411 11 4
20260411 14 2
20260411 14 4
20260411 14 5
20260411 14 7
20260411 14 8
20260411 15 4
20260411 23 6
20260411 23 9
20260412 04 4
20260412 06 5
20260412 14 7
20260412 16 2
20260412 16 12
20260412 23 6
20260413 03 6
20260413 03 7
20260413 04 7
20260413 06 2
20260413 14 9
20260413 16 4
20260413 17 2
20260414 01 1
20260414 02 1
20260414 03 2
20260414 03 4
20260414 03 8
20260414 04 2
20260414 04 6
20260414 14 5
20260414 14 6
20260414 16 2
20260414 16 5
20260414 16 7
20260414 20 4
20260415 01 4
20260415 02 4
20260415 03 7
20260415 03 10
20260415 10 8
20260415 14 5
20260416 01 1
20260416 01 5
20260416 01 10
20260416 01 11
20260416 02 4
20260416 02 8
20260416 02 10
20260416 03 4
20260416 03 8
20260416 09 3
20260416 09 4
20260416 10 6
20260416 14 2
20260416 14 10
20260416 20 4
20260417 01 3
20260417 02 2
20260417 02 3
20260417 08 2
20260417 09 4
20260417 10 7
20260417 10 8
20260417 10 9
20260417 20 2
20260417 20 3
20260417 21 8
20260418 02 2
20260418 02 7
20260418 02 8
20260418 03 6
20260418 03 8
20260418 05 4
20260418 09 3
20260418 10 6
20260418 13 4
20260418 15 4
20260418 20 3
20260418 23 11
20260418 24 3
20260419 05 4
20260419 06 1
20260419 06 9
20260419 08 3
20260419 08 7
20260419 09 2
20260419 09 7
20260419 12 1
20260419 24 7
20260420 05 1
20260420 05 3
20260420 06 9
20260420 07 8
20260420 08 4
20260420 12 1
20260420 12 3
20260420 12 6
20260420 13 7
20260420 13 8
20260420 15 5
20260420 22 3
20260421 01 2
20260421 05 3
20260421 05 4
20260421 06 3
20260421 07 1
20260421 08 3
20260421 11 5
20260421 11 6
20260421 11 8
20260421 11 9
20260421 13 1
20260421 17 4
20260421 18 7
20260421 18 9
20260422 01 4
20260422 11 1
20260422 11 2
20260422 11 8
20260422 20 4
20260423 01 2
20260423 01 4
20260423 05 7
20260423 11 4
20260423 11 6
20260423 11 7
20260423 11 8
20260423 11 11
20260423 12 2
20260423 14 2
20260423 14 4
20260423 14 10
20260423 16 7
20260423 22 5
20260423 23 7
20260423 23 8
20260424 01 3
20260424 04 3
20260424 04 6
20260424 04 7
20260424 07 4
20260424 09 3
20260424 14 3
20260424 14 4
20260424 14 8
20260424 16 3
20260424 16 4
20260424 22 3
20260424 23 4
20260424 23 8
20260424 23 9
20260424 23 11
20260425 01 4
20260425 04 1
20260425 04 4
20260425 04 7
20260425 08 8
20260425 09 4
20260425 09 8
20260425 12 6
20260425 14 1
20260425 15 2
20260425 15 3
20260425 15 5
20260425 16 4
20260425 16 6
20260425 20 4
20260425 21 6
20260425 23 5
20260425 23 9
20260426 03 3
20260426 03 5
20260426 04 3
20260426 04 4
20260426 06 6
20260426 06 7
20260426 06 9
20260426 07 2
20260426 09 4
20260426 09 6
20260426 12 1
20260426 12 2
20260426 13 2
20260426 20 1
20260426 20 3
20260426 20 4
20260426 24 2
20260427 03 6
20260427 04 1
20260427 04 4
20260427 04 7
20260427 05 5
20260427 06 3
20260427 07 3
20260427 09 3
20260427 09 7
20260427 13 1
20260427 13 7
20260427 13 8
20260427 15 4
20260427 15 5
20260427 21 6
20260427 24 1
20260428 03 1
20260428 03 4
20260428 03 7
20260428 04 3
20260428 04 6
20260428 04 7
20260428 05 4
20260428 06 2
20260428 06 3
20260428 07 4
20260428 07 10
20260428 15 3
20260428 18 6
20260428 21 6
20260428 21 9
20260428 23 4
20260429 03 1
20260429 03 2
20260429 04 8
20260429 05 1
20260429 06 3
20260429 14 6
20260429 14 8
20260429 18 7
20260429 21 6
20260429 21 8
20260430 11 7
20260430 11 8
20260430 14 9
20260430 17 7
20260430 18 10
20260430 21 8
20260501 02 1
20260501 02 4
20260501 02 6
20260501 02 8
20260501 03 4
20260501 03 6
20260501 05 2
20260501 07 8
20260501 09 7
20260501 11 1
20260501 11 6
20260501 11 8
20260501 14 1
20260501 14 3
20260501 14 6
20260501 14 7
20260501 14 8
20260501 17 3
20260501 17 6
20260501 17 9
20260501 20 2
20260501 20 4
20260501 22 4
20260502 01 4
20260502 01 5
20260502 01 7
20260502 01 10
20260502 02 2
20260502 02 3
20260502 02 4
20260502 05 5
20260502 05 6
20260502 07 1
20260502 09 3
20260502 09 4
20260502 10 10
20260502 11 8
20260502 14 7
20260502 17 4
20260502 17 8
20260502 19 3
20260503 01 1
20260503 01 5
20260503 01 8
20260503 01 9
20260503 02 1
20260503 02 2
20260503 04 1
20260503 04 4
20260503 07 1
20260503 07 4
20260503 07 5
20260503 07 6
20260503 08 3
20260503 08 4
20260503 09 8
20260503 10 2
20260503 10 6
20260503 10 9
20260503 10 10
20260503 11 1
20260503 11 6
20260503 12 4
20260503 17 7
20260503 23 4
20260503 23 6
20260503 23 8
20260503 23 11
20260504 01 1
20260504 01 2
20260504 01 4
20260504 02 2
20260504 02 4
20260504 02 6
20260504 04 3
20260504 04 5
20260504 04 6
20260504 04 9
20260504 06 1
20260504 07 3
20260504 07 4
20260504 07 7
20260504 07 8
20260504 08 2
20260504 08 8
20260504 08 9
20260504 12 2
20260504 13 8
20260504 14 2
20260504 14 3
20260504 14 4
20260504 14 5
20260504 14 7
20260504 14 10
20260504 16 10
20260504 17 7
20260504 20 2
20260504 20 6
20260504 23 7
20260505 04 1
20260505 04 3
20260505 04 4
20260505 04 5
20260505 06 9
20260505 07 7
20260505 08 9
20260505 09 2
20260505 10 6
20260505 10 8
20260505 12 3
20260505 13 3
20260505 15 2
20260505 16 2
20260505 16 6
20260505 20 3
20260505 20 4
20260505 23 7
20260506 02 6
20260506 02 10
20260506 04 5
20260506 04 7
20260506 10 5
20260506 10 7
20260506 15 5
20260506 18 10
20260506 20 3
20260507 04 6
20260507 05 1
20260507 05 4
20260507 06 2
20260507 13 1
20260507 16 2
20260507 24 5
20260508 04 1
20260508 04 4
20260508 04 6
20260508 05 3
20260508 05 6
20260508 05 7
20260508 06 3
20260508 13 1
20260508 14 2
20260508 14 7
20260508 14 10
20260508 15 2
20260508 15 10
20260508 18 8
20260508 22 4
20260508 22 5
20260508 24 1
20260509 05 2
20260509 05 4
20260509 09 6
20260509 11 2
20260509 11 3
20260509 11 11
20260509 11 12
20260509 14 5
20260509 14 9
20260509 21 8
20260509 22 7
20260509 24 2
20260509 24 4
20260509 24 6
20260510 05 5
20260510 09 2
20260510 09 4
20260510 09 8
20260510 11 6
20260510 11 9
20260510 14 5
20260510 14 6
20260510 14 9
20260510 14 10
20260510 22 3
20260510 22 4
20260510 22 5
20260510 23 8
20260511 03 2
20260511 03 3
20260511 03 4
20260511 05 8
20260511 09 3
20260511 09 7
20260511 11 2
20260511 11 3
20260511 11 6
20260511 11 7
20260511 11 9
20260511 14 5
20260511 14 8
20260511 16 10
20260511 20 1
20260511 20 4
20260511 22 9
20260512 01 2
20260512 01 3
20260512 04 9
20260512 09 7
20260512 11 3
20260512 11 6
20260512 11 8
20260512 11 9
20260512 23 9
20260513 01 4
20260513 01 9
20260513 03 1
20260513 03 3
20260513 03 5
20260513 04 4
20260513 04 5
20260513 04 9
20260513 07 3
20260513 08 4
20260513 11 2
20260513 11 5
20260513 12 7
20260513 12 8
20260513 16 2
20260513 16 4
20260513 16 8
20260513 19 7
20260513 19 9
20260514 01 2
20260514 02 4
20260514 04 3
20260514 04 4
20260514 04 6
20260514 09 12
20260514 10 10
20260514 10 11
20260514 12 4
20260514 16 6
20260514 19 1
20260514 19 7
20260515 01 1
20260515 01 2
20260515 01 9
20260515 02 2
20260515 02 3
20260515 02 6
20260515 03 3
20260515 03 8
20260515 04 4
20260515 04 5
20260515 07 1
20260515 07 6
20260515 10 8
20260515 10 10
20260515 13 3
20260515 13 4
20260515 16 11
20260515 19 4
20260516 02 4
20260516 04 2
20260516 04 3
20260516 06 5
20260516 06 6
20260516 06 7
20260516 14 6
20260516 14 10
20260516 17 6
20260516 19 2
20260516 19 3
20260516 19 6
20260516 20 3
20260517 02 6
20260517 06 5
20260517 10 9
20260517 14 6
20260517 14 9
20260518 02 10
20260518 06 5
20260518 10 3
20260518 14 5
20260518 14 8
20260518 14 10
20260518 14 11
20260518 15 5
20260518 17 6
20260518 18 10
20260518 21 1
20260519 01 3
20260519 01 5
20260519 02 1
20260519 02 3
20260519 02 4
20260519 06 5
20260519 08 7
20260519 08 11
20260519 14 2
20260519 14 5
20260519 14 6
20260519 14 7
20260519 16 5
20260519 16 6
20260519 17 9
20260519 18 6
20260519 20 1
20260519 20 2
20260519 20 3
20260519 20 6
20260519 21 6
20260520 01 2
20260520 05 1
20260520 05 7
20260520 08 8
20260520 09 6
20260520 14 7
20260520 14 9
20260520 18 8
20260520 21 1
20260520 21 12
20260521 01 3
20260521 01 9
20260521 05 8
20260521 08 2
20260521 11 4
20260521 11 6
20260521 14 5
20260521 16 8
20260521 18 6
20260521 18 8
20260522 01 1
20260522 01 3
20260522 01 5
20260522 05 4
20260522 08 7
20260522 08 8
20260522 09 8
20260522 11 6
20260522 13 3
20260522 15 4
20260522 18 6
20260522 23 4
20260522 23 6
20260522 23 7
20260523 01 3
20260523 09 6
20260523 11 3
20260523 11 4
20260523 11 12
20260523 13 5
20260523 13 7
20260523 19 8
20260523 23 6
20260523 23 7
20260524 01 10
20260524 10 6
20260524 10 7
20260524 10 10
20260524 11 4
20260524 11 5
20260524 13 2
20260524 23 7
20260524 24 3
20260524 24 6
20260525 03 4
20260525 07 1
20260525 10 2
20260525 10 6
20260525 12 3
20260525 13 2
20260525 13 4
20260525 23 6
20260526 03 6
20260526 10 6
20260526 10 7
20260526 10 9
20260526 10 10
20260526 12 8
20260526 13 8
20260526 17 4
20260526 17 10
20260526 23 8
20260526 24 4
20260526 24 6
20260526 24 9
20260527 07 4
20260527 12 2
20260527 17 6
20260527 17 9
20260527 18 5
20260527 18 8
20260527 24 6
20260528 02 8
20260528 02 9
20260528 07 8
20260528 08 2
20260528 08 4
20260528 08 7
20260528 08 8
20260528 17 6
20260528 18 6
20260528 18 8
20260529 02 1
20260529 02 3
20260529 02 4
20260529 02 6
20260529 02 7
20260529 02 8
20260529 02 9
20260529 03 3
20260529 06 6
20260529 08 2
20260529 09 4
20260529 09 7
20260529 11 9
20260529 11 11
20260529 18 8
20260529 23 7
20260529 23 8
20260529 23 9
20260530 01 1
20260530 01 2
20260530 02 2
20260530 02 4
20260530 02 6
20260530 02 7
20260530 02 8
20260530 03 1
20260530 03 2
20260530 03 4
20260530 03 9
20260530 07 1
20260530 08 7
20260530 09 8
20260530 11 8
20260530 11 9
20260530 14 9
20260530 23 10
20260531 01 4
20260531 03 4
20260531 03 7
20260531 03 9
20260531 05 2
20260531 05 3
20260531 05 5
20260531 05 7
20260531 08 3
20260531 08 4
20260531 11 4
20260531 13 1
20260531 13 8
20260531 14 5
20260531 14 6
20260531 18 10
20260531 23 6
